3.768000000000000000e+03
3.769000000000000000e+03
3.769000000000000000e+03
3.768000000000000000e+03
3.769000000000000000e+03
3.768000000000000000e+03
3.767000000000000000e+03
3.812000000000000000e+03
3.884000000000000000e+03
4.051000000000000000e+03
4.139000000000000000e+03
5.050000000000000000e+03
6.063000000000000000e+03
7.357000000000000000e+03
8.293000000000000000e+03
7.465000000000000000e+03
4.678000000000000000e+03
4.079000000000000000e+03
3.970000000000000000e+03
4.394000000000000000e+03
5.651000000000000000e+03
6.476000000000000000e+03
7.483000000000000000e+03
7.868000000000000000e+03
6.736000000000000000e+03
4.733000000000000000e+03
4.239000000000000000e+03
4.440000000000000000e+03
5.192000000000000000e+03
6.107000000000000000e+03
7.615000000000000000e+03
6.496000000000000000e+03
4.622000000000000000e+03
5.130000000000000000e+03
6.422000000000000000e+03
7.753000000000000000e+03
8.611000000000000000e+03
6.547000000000000000e+03
4.964000000000000000e+03
4.760000000000000000e+03
5.157000000000000000e+03
6.679000000000000000e+03
8.486000000000000000e+03
9.343000000000000000e+03
6.585000000000000000e+03
5.032000000000000000e+03
4.651000000000000000e+03
5.467000000000000000e+03
7.020000000000000000e+03
8.852000000000000000e+03
