3.749000000000000000e+03
3.755000000000000000e+03
3.751000000000000000e+03
3.761000000000000000e+03
3.875000000000000000e+03
4.908000000000000000e+03
6.231000000000000000e+03
6.700000000000000000e+03
4.650000000000000000e+03
4.237000000000000000e+03
5.210000000000000000e+03
6.799000000000000000e+03
7.143000000000000000e+03
4.576000000000000000e+03
4.071000000000000000e+03
4.364000000000000000e+03
5.836000000000000000e+03
7.207000000000000000e+03
5.791000000000000000e+03
4.174000000000000000e+03
4.463000000000000000e+03
5.447000000000000000e+03
6.817000000000000000e+03
6.628000000000000000e+03
4.248000000000000000e+03
4.249000000000000000e+03
5.301000000000000000e+03
6.477000000000000000e+03
6.887000000000000000e+03
4.423000000000000000e+03
4.148000000000000000e+03
5.195000000000000000e+03
6.694000000000000000e+03
7.143000000000000000e+03
4.445000000000000000e+03
4.219000000000000000e+03
5.541000000000000000e+03
7.017000000000000000e+03
5.929000000000000000e+03
4.071000000000000000e+03
4.980000000000000000e+03
6.697000000000000000e+03
6.991000000000000000e+03
4.246000000000000000e+03
4.148000000000000000e+03
5.474000000000000000e+03
7.127000000000000000e+03
5.579000000000000000e+03
4.063000000000000000e+03
5.400000000000000000e+03
