3.743000000000000000e+03
3.744000000000000000e+03
3.741000000000000000e+03
3.742000000000000000e+03
3.741000000000000000e+03
3.744000000000000000e+03
3.747000000000000000e+03
3.752000000000000000e+03
3.752000000000000000e+03
3.751000000000000000e+03
3.758000000000000000e+03
3.757000000000000000e+03
3.757000000000000000e+03
3.779000000000000000e+03
4.043000000000000000e+03
4.366000000000000000e+03
4.630000000000000000e+03
4.830000000000000000e+03
4.969000000000000000e+03
5.042000000000000000e+03
4.969000000000000000e+03
4.876000000000000000e+03
4.922000000000000000e+03
4.906000000000000000e+03
4.836000000000000000e+03
4.819000000000000000e+03
4.693000000000000000e+03
4.475000000000000000e+03
5.253000000000000000e+03
5.354000000000000000e+03
4.595000000000000000e+03
5.119000000000000000e+03
5.302000000000000000e+03
4.464000000000000000e+03
5.419000000000000000e+03
5.341000000000000000e+03
4.471000000000000000e+03
5.351000000000000000e+03
5.447000000000000000e+03
4.496000000000000000e+03
5.406000000000000000e+03
5.511000000000000000e+03
4.466000000000000000e+03
5.370000000000000000e+03
5.357000000000000000e+03
4.454000000000000000e+03
5.324000000000000000e+03
5.283000000000000000e+03
4.315000000000000000e+03
5.504000000000000000e+03
