3.753000000000000000e+03
3.752000000000000000e+03
3.753000000000000000e+03
3.751000000000000000e+03
3.752000000000000000e+03
3.751000000000000000e+03
3.753000000000000000e+03
3.750000000000000000e+03
3.751000000000000000e+03
3.752000000000000000e+03
3.751000000000000000e+03
3.754000000000000000e+03
3.751000000000000000e+03
3.752000000000000000e+03
3.754000000000000000e+03
3.752000000000000000e+03
3.756000000000000000e+03
3.751000000000000000e+03
3.751000000000000000e+03
3.753000000000000000e+03
3.753000000000000000e+03
3.753000000000000000e+03
3.754000000000000000e+03
3.754000000000000000e+03
3.752000000000000000e+03
3.755000000000000000e+03
3.753000000000000000e+03
3.750000000000000000e+03
3.752000000000000000e+03
3.752000000000000000e+03
3.752000000000000000e+03
3.751000000000000000e+03
3.754000000000000000e+03
3.753000000000000000e+03
3.753000000000000000e+03
3.750000000000000000e+03
3.751000000000000000e+03
3.754000000000000000e+03
3.753000000000000000e+03
3.754000000000000000e+03
3.753000000000000000e+03
3.753000000000000000e+03
3.754000000000000000e+03
3.753000000000000000e+03
3.754000000000000000e+03
3.754000000000000000e+03
3.753000000000000000e+03
3.754000000000000000e+03
3.751000000000000000e+03
3.752000000000000000e+03
